reverb {
  subtype: MVerb
  presetName: mverb0004
  mix: 1.000000
  earlyMix: 1.000000
  gain: 1.000000
  size: 0.600000
  density: 0.000000
  decay: 1.000000
  preDelay: 0.000000
  dampingFrequency: 0.200000
  bandwidthFrequency: 0.200000
}
