reverb {
  subtype: MVerb
  presetName: mverb0003
  mix: 0.500000
  earlyMix: 1.000000
  gain: 1.000000
  size: 0.600000
  density: 0.000000
  decay: 1.000000
  preDelay: 0.000000
  dampingFrequency: 0.400000
  bandwidthFrequency: 0.400000
}
