reverb {
  subtype: Zita
  presetName: zita0012
  gain: 1.500000
  wet: 1.000000
  dry: 0.100000
  width: 1.000000
  diffusion: 0.990000
  rt60: 5.000000
  rt60factorLow: 1.000000
  rt60factorHigh: 0.400000
  dcCutFrequency: 1.000000
  lfo1: 6.000000
  lfo2: 6.000000
  lfoFactor: 0.100000
  spin: 0.700000
  spinFactor: 0.090000
  xOverLow: 1.000000
  xOverHigh: 8.000000
  apFeedback: 0.000000
  lowPass: 1000.000000
  highPass: 60.000000
}
