reverb {
  subtype: Zita
  presetName: zita0008
  gain: 0.550000
  wet: 1.000000
  dry: 1.000000
  width: 1.000000
  diffusion: 0.990000
  rt60: 13.000000
  rt60factorLow: 1.000000
  rt60factorHigh: 0.200000
  dcCutFrequency: 2.500000
  lfo1: 3.000000
  lfo2: 2.000000
  lfoFactor: 0.500000
  spin: 0.700000
  spinFactor: 0.090000
  xOverLow: 0.070000
  xOverHigh: 2000.000000
  apFeedback: 0.000000
  lowPass: 10000.000000
  highPass: 4.000000
}
