reverb {
  subtype: Zita
  presetName: zita0006
  gain: 0.700000
  wet: 1.000000
  dry: 1.000000
  width: 1.000000
  diffusion: 0.990000
  rt60: 8.000000
  rt60factorLow: 1.000000
  rt60factorHigh: 0.080000
  dcCutFrequency: 2.500000
  lfo1: 3.000000
  lfo2: 2.000000
  lfoFactor: 0.800000
  spin: 0.700000
  spinFactor: 0.500000
  xOverLow: 90.000000
  xOverHigh: 3000.000000
  apFeedback: 0.500000
  lowPass: 10000.000000
  highPass: 4.000000
}
