instrument {
  name: Pad 8
  volume: 1.000000
  multiDelay {
    gain: 1.060000
    wet: 0.890000
    out: 1, 1.000000
  }

  voice {
    volume: 0.550000
    tuning: 1.000000
    stereoPhaseOffset: 0.030000
    unison: 4
    unisonDetuning: 0.010000
    unisonDetuningRandomSeeds: 4, 14
    amplitudeEnvelope: 1
    amplitudeModulator: 1
    waveform {
      type: Sin
      waveTableMode: Single faster
      waveformParameters: 1.000000
      phaseOffsets: 0.000000, 0.000000
      lockedStereoPhase: 1
      numSteps: 1
      gaussianSmoothing: 0.000000
      partials {
        count: 50
        usePattern: 1
        frequencies: 1.000000, 2.000000, 3.000000, 4.000000, 5.000000, 6.000000, 7.000000, 8.000000, 9.000000, 10.000000, 11.000000, 12.000000, 13.000000, 14.000000, 15.000000, 16.000000, 17.000000, 18.000000, 19.000000, 20.000000, 21.000000, 22.000000, 23.000000, 24.000000, 25.000000, 26.000000, 27.000000, 28.000000, 29.000000, 30.000000, 31.000000, 32.000000, 33.000000, 34.000000, 35.000000, 36.000000, 37.000000, 38.000000, 39.000000, 40.000000, 41.000000, 42.000000, 43.000000, 44.000000, 45.000000, 46.000000, 47.000000, 48.000000, 49.000000, 50.000000
        gains: 1.000000, 0.383245, 0.155989, 0.073971, 0.045002, 0.034999, 0.031625, 0.030515, 0.030159, 0.030048, 0.030014, 0.030004, 0.030001, 0.030000, 0.030000, 0.030000, 0.030000, 0.030000, 0.030000, 0.030000, 0.030000, 0.030000, 0.030000, 0.030000, 0.030000, 0.030000, 0.030000, 0.030000, 0.030000, 0.030000, 0.030000, 0.030000, 0.030000, 0.030000, 0.030000, 0.030000, 0.030000, 0.030000, 0.030000, 0.030000, 0.030000, 0.030000, 0.030000, 0.030000, 0.030000, 0.030000, 0.030000,. 0.030000, 0.030000, 0.030000
        frequencyParameters: 1.000000, 1.000000, 0.000000, 0.000000, 1.000000, 0.000000
        gainParameters: 30.000000, 0.000000, 0.000000, 0.000000, 0.000000, 0.030000
      }
    }
  }
  envelope {
    output: 1
    type: ahe
    parameters: 0.200000, 0.000000, -2.000000
  }
  modulator {
    depthAM: 1.000000
    outputAM: 1
    amplitudeEnvelope: 2
    frequency: 6.000000
    stereoPhaseOffset: 0.000000
    stereoPhaseDifference: 0.000000
    relativeMode: 1
    ringMode: 0
    waveform {
      type: Triangle
      waveTableMode: Single faster
      waveformParameters: 2.000000
      phaseOffsets: 0.000000, 0.000000
      lockedStereoPhase: 0
      numSteps: 4
      gaussianSmoothing: 0.100000
      partials {
        count: 1
        frequencies: 1.000000
        gains: 0.500000
      }
    }
  }
  envelope {
    output: 2
    type: ahe
    parameters: 0.000000, -0.080000, -0.090000
  }
}
