reverb {

  subtype: CCRMA
  presetName: ccrma0004
  gain: 1.100000
  wet: 0.900000
  dry: 0.800000
  width: 1.000000
  feedback: 0.500000
  apFeedback: 0.900000
  damp: 0.870000
}
