reverb {
  subtype: MVerb
  presetName: mverb0007
  gain: 1.300000
  mix: 0.200000
  earlyMix: 1.000000
  size: 1.000000
  density: 0.500000
  decay: 1.000000
  preDelay: 0.000000
  dampingFrequency: 1.000000
  bandwidthFrequency: 0.060000
}
