reverb {
  subtype: MVerb
  presetName: mverb0005
  gain: 1.300000
  mix: 1.000000
  earlyMix: 0.500000
  size: 1.000000
  density: 0.000000
  decay: 1.000000
  preDelay: 0.000000
  dampingFrequency: 0.100000
  bandwidthFrequency: 1.000000
}
