reverb {
  subtype: MVerb
  presetName: mverb0006
  gain: 1.300000
  mix: 0.300000
  earlyMix: 1.000000
  size: 1.000000
  density: 0.500000
  decay: 0.800000
  preDelay: 0.000000
  dampingFrequency: 0.200000
  bandwidthFrequency: 1.000000
}
