reverb {
  subtype: Progenitor
  presetName: progenitor0005
  gain: 0.500000
  wet: 1.000000
  dry: 0.500000
  width: 1.000000
  diffusion1: 0.900000
  diffusion2: 0.970000
  diffusion3: 0.770000
  diffusion4: 0.950000
  damp: 1000.000000
  inputDamp: 48000.000000
  outputDamp: 1000.000000
  outputBandwidth: 2.000000
  spin: 0.100000
  decay1: 0.990000
  decay2: 0.990000
  decay3: 0.950000
  decay4: 0.890000
}
