reverb {
  subtype: Progenitor
  presetName: progenitor0003
  gain: 0.400000
  wet: 1.000000
  dry: 1.000000
  width: 1.000000
  diffusion1: 0.940000
  diffusion2: 0.970000
  diffusion3: 0.970000
  diffusion4: 0.950000
  damp: 5000.000000
  inputDamp: 48000.000000
  outputDamp: 38000.000000
  outputBandwidth: 2.000000
  spin: 0.500000
  decay1: 0.937000
  decay2: 0.978000
  decay3: 0.910000
  decay4: 0.960000
}
