reverb {
  subtype: Zita
  presetName: zita0019
  gain: 0.800000
  wet: 1.000000
  dry: 0.500000
  width: 1.000000
  diffusion: 0.990000
  rt60: 50.000000
  rt60factorLow: 1.000000
  rt60factorHigh: 0.100000
  dcCutFrequency: 1.000000
  lfo1: 0.800000
  lfo2: 0.700000
  lfoFactor: 0.000000
  spin: 0.700000
  spinFactor: 0.090000
  xOverLow: 1.000000
  xOverHigh: 40.000000
  apFeedback: 0.000000
  lowPass: 1000.000000
  highPass: 20.000000
}
